3072
3074
4102
4103
6157
6158
6163
2077
9261
9262
6204
6215
6224
6225
11347
11348
11349
11350
11351
11352
11353
11354
11355
11356
6237
11357
6238
11358
6239
11359
11360
11361
11362
11363
11364
7282
7283
7284
2165
7285
2182
3222
5270
5271
5272
5273
5274
5275
5276
5277
5278
5279
5280
5281
5282
5283
5284
5285
5286
5287
5288
3241
5289
5290
5291
3249
5298
5299
5301
5302
5303
5304
5305
5306
5307
5308
5309
5310
5311
5312
9408
5313
9409
5314
9410
5315
5316
9412
5317
5318
5319
9415
5320
9416
5321
3274
5322
9418
3275
5323
9419
5324
7372
9420
5325
7373
5326
9422
5327
5328
7376
9424
5329
9425
5330
5331
5332
5333
5334
5335
5336
3305
3306
6385
6387
6390
6392
2308
3341
6427
6433
6435
1320
6445
6447
8498
6453
3384
6459
3390
2368
3393
6466
6471
6472
3401
3402
3403
3404
4431
4432
4433
10577
4434
10578
10579
10580
10581
10582
10583
10584
10585
10586
10587
10588
2400
7521
1382
5478
1383
9578
4460
8569
1403
5499
5505
5510
5511
5512
3465
5513
5514
5515
5516
5517
5518
3524
7647
9721
10758
9744
9745
7698
9746
7699
9747
7700
9748
7701
9749
7702
9750
7703
9751
7704
9752
7705
7706
7707
7708
7709
9757
7710
5663
7711
5664
7712
5665
7713
7714
7715
7716
7717
9766
7752
7753
7754
7755
7756
7757
7758
7759
9807
9808
10832
9809
9810
9811
9812
11870
11885
11886
11887
11888
11889
11890
11891
11892
11893
11894
11898
11901
11902
7813
7814
7815
11911
7816
7817
7818
7819
7820
7821
4750
11919
7832
10904
7833
7834
7835
7836
7837
7838
4767
4768
4769
4770
4772
6822
9902
4783
9903
9904
9905
1714
9906
3775
3776
9929
9930
9931
2767
3791
2770
2771
6867
6883
3815
3816
3817
3818
3819
9963
3820
9964
3821
9965
3822
9966
3823
9967
3824
9968
9969
9970
4859
12027
12028
12029
12030
12031
12032
1794
6914
4867
4870
4871
6922
6925
10002
7969
9005
7985
7986
6964
7988
6967
7991
3940
3941
3942
7022
1903
7023
7027
7028
7029
7032
1923
10115
9099
9100
9101
9102
9103
9104
9105
9106
7059
9107
9108
7061
9109
7062
9110
7063
9111
9112
7065
9113
7066
7067
7069
6046
7071
7072
7073
7074
7075
7076
7077
7078
7079
1961
9132
9133
7089
7090
7091
7092
7099
7100
7101
7102
7103
1984
7104
7105
8139
6113
9190
9191
9192
9193
9194
9195
3068
3069
3070